4/4
m-abc-o-abc-p-bc-n
万神纪 星尘 康师傅の海鲜面
激烈 V家古风
拜年祭 b站
a 0
0,1 6.,1 6.,1 3,1 2,2 3,2 2,1 1,1 5.,1 | 0,1 6.,1 6.,1 2,1 3,2 5,2 3,1 2,1 1.,1 | 0,1 6.,1 6.,1 3,1 2,2 3,2 2,1 1,1 5.,1 | 0,1 5,2 3,2 2,1 3,1 6,2 5,2 6,2 5,2 3,1 2,1 | 
0,1 6.,1 6.,1 3,1 2,2 3,2 2,1 1,1 5.,1 | 0,1 6.,1 6.,1 2,1 3,2 5,2 3,1 2,1 1.,1 | 0,1 6.,1 6.,1 3,1 2,2 3,2 2,1 1,1 5.,1 | 0,1 5,2 3,2 2,1 3,1 .1,2 7,2 6,2 5,2 3,1 5,1 | 
b 0
2,2 1,2 2,2 1,2 6.,1 | 6.,2 3,2 2,2 1,2 2,2 1,2 3,1 | 5,2 6,2 .1,1 7,2 6,1 7,1 5,2 3,2 5,2 3,2 3.1 0,1 | 
2,2 1,2 2,2 1,2 6.,1 | 6.,2 3,2 2,2 1,2 2,2 1,2 3,1 | 5,2 6,2 2,2 1,2 5,2 3,2 6,1 5,1 2,2 3,2 7,1 0,1 | 
c 0
0,2 3,2 5,2 .1,2 6,1 | 5,2 .2,2 .3,2 .2,2 .1,2 6,2 6,1 5,2 .1,1 | 6,2 7,2 .1,1 0,2 | 7,2 .2,1 .1,2 .2,1 .1,2 .2,2 .3,2 .2,2 .2,1 |
0,2 3,2 5,2 .1,2 6,1 | 5,2 .2,2 .3,2 .2,2 .1,2 6,2 6,1 5,2 .1,1 | 5,2 .1,2 6,1 0,2 | .1,2 .2,1 .3,2 .2,1 .1,2 .5,2 .3,2 .2,2 .3,1 |
0,2 3,2 5,2 .1,2 6,1 | 5,2 .2,2 .3,2 .2,2 .1,2 6,2 6,1 5,2 .1,1 | 6,2 7,2 .1,1 0,2 | 7,2 .2,1 .1,2 .2,1 .1,2 .3,2 .3,2 .2,2 .2,1 1 |
0,2 3,2 5,2 .1,2 6,1 | 5,2 .3,2 .2,2 .3,2 .4,2 .5,2 .3,1 .2,2 .3,1 | .2,2 .3,2 .1,1.1 6,2 .2,1.1 | .1,2 .3,1 .3,2 .3,1 .5,2 .3,2 .2,2 .3,2 5,1 6,1 |
0,2 3,2 5,2 .1,2 6,1 | 5,2 .2,2 .3,2 .2,2 .1,2 6,2 6,1 5,2 .1,1 | 6,2 7,2 .1,1 0,2 | 7,2 .2,1 .1,2 .2,1 .1,2 .2,2 .3,2 .2,2 .2,11 |
0,2 3,2 5,2 .1,2 6,1 | 5,2 .3,2 .2,2 .3,2 .4,2 .5,2 .3,1 .2,2 .3,1 | .2,2 .3,2 .1,1.1 6,2 .2,1.1 | .1,2 .3,1 .5,2 .3,1 .5,2 .3,2 .2,2 .3,2 5,1 6,1 |
b 5
2,2 1,2 2,2 1,2 6.,1 3,1 2,2 1,1 2,1,1 | 3,1 .1,1 7,1 6,1 7,1 5,2 3,1 2,2 3,1 0,1 |
2,2 1,2 2,2 1,2 6.,1 3,1 2,2 1,1 2,1,1 | 5,1 2,1 4,1 6,1 5,1 2,2 3,1 7,2 0,1 |
c 0 
0,2 3,2 5,2 .1,2 6,1 | 5,2 .2,2 .3,2 .2,2 .1,2 6,2 6,1 5,2 .1,1 | 6,2 7,2 .1,1 0,2 | 7,2 .2,1 .1,2 .2,1 .1,2 .2,2 .3,2 .2,2 .2,11 |
0,2 3,2 5,2 .1,2 6,1 | 5,2 .2,2 .3,2 .2,2 .1,2 6,2 6,1 5,2 .1,1 | 6,2 7,2 .1,1 0,2 | .1,2 .2,1 .3,2 .2,1 .1,2 .5,2 .3,2 .2,2 .3,11 |
0,2 3,2 5,2 .1,2 6,1 | 5,2 .2,2 .3,2 .2,2 .1,2 6,2 6,1 5,2 .1,1 | 6,2 7,2 .1,1 0,2 | 7,2 .2,1 .1,2 .2,1 .1,2 .2,2 .3,2 .2,2 .2,1 |
0,2 3,2 5,2 .1,2 6,1 | 5,2 .2,2 .3,2 .2,2 .1,2 6,2 6,1 5,2 .1,1 | 6,2 7,2 .1,1 0,2 | .1,2 .2,1 .3,2 .2,1 .1,2 .5,2 .3,2 .2,2 .3,11 |
0,2 3,2 5,2 .1,2 6,1 | 5,2 .3,2 .2,2 .3,2 .4,2 .5,2 .3,1 .2,2 .3,1 | .2,2 .3,2 .1,1 0,2 | .1,2 .2,1 .3,2 .2,1 .1,2 .5,2 .3,2 .2,2 .3,11 |
EndFile