4/4

逆浪千秋 言和 没有壳的乌龟
激烈 V家古风
tag
a 0
6.,1 6.,1 5.,1 | 6.,1 0,1 6.,1 6.,1 0,1 6.,1 6.,1 6.,1 5.,1 | 6.,1 0,1 6.,1 6.,1 0,1 6.,1 6.,1 6.,1 5.,1 | 6.,1 0,1 6.,1 6.,1 0,1 6.,1 6.,1 6.,1 7.,1 | 1,1 1,1 7.,1 7.,1 7.,1 7.,1 6.,1 6.,1 |
6.,1 6.,1 5.,1 | 6.,1 0,1 6.,1 6.,1 0,1 6.,1 6.,1 6.,1 5.,1 | 6.,1 0,1 6.,1 6.,1 0,1 6.,1 6.,1 6.,1 5.,1 | 6.,1 0,1 6.,1 6.,1 0,1 6.,1 6.,1 6.,1 7.,1 | 1,1 7.,1 7.,1 6.,1 6.,1 5.,1 5.,1 6.,1 |
b 0
3,0 0,1 7.,1 6.,1 5.,1 6.,1 5.,1 6.,0 5.,0 | 3,0 0,1 7.,1 6.,1 1,1 7.,1 7.,1 6.,1 6.,1 5.,1 5.,1 6.,1 |
3,0 0,1 7.,1 6.,1 5.,1 6.,1 5.,1 6.,0 5.,0 | 3,0 0,1 7.,1 6.,1 1,1 7.,1 7.,1 1,1 7.,1 7.,1 1,1 7.,1 7.,1 7.,1 6.,1 |
3,0 0,1 7.,1 6.,1 5.,1 6.,1 5.,1 6.,0 5.,0 | 3,0 0,1 7.,1 6.,1 1,1 7.,1 7.,1 1,1 7.,1 7.,1 1,1 7.,1 7.,1 6.,1 6.,1 |
3,0 0,1 7.,1 6.,1 5.,1 6.,1 5.,1 6.,0 5.,0 | 3,0 0,1 7.,1 6.,1 1,1 7.,1 7.,1 1,1 7.,1 7.,1 1,1 6,1 5,1 5,1 0,1 |
3,0 0,1 7.,1 6.,1 5.,1 6.,1 5.,1 6.,0 5.,0 | 3,0 0,1 7.,1 6.,1 1,1 7.,1 7.,1 1,1 7.,1 7.,1 1,1 3,1 5,1 5,1 5,1 |
c 0
6.,1 1,1 5,0 5,1 3,0 2,0 2,0 3,1 6.,0 | 6.,1 1,1 2,0 2,1 2,0 1,0 2,0 3,1 3,1 | 6.,1 1,1 5,0 5,1 3,0 2,0 2,0 3,1 6.,1 | 6.,1 1,1 2,1 1,1 2,1 1,1 2,1 1,1 2,1 3,0 1,1 2,0 3,0 3,0
6.,1 1,1 5,0 5,1 3,0 2,0 2,0 3,1 6.,0 | 6.,1 1,1 2,0 2,1 2,0 1,0 2,0 3,1 3,1 | 6.,1 1,1 5,0 5,1 3,0 2,0 2,0 3,1 6.,1 | 6.,1 1,1 2,1 1,1 2,1 1,1 2,1 1,1 2,1 3,0 3,1 2,0 3,0 3,0
6.,1 1,1 5,0 5,1 3,0 2,0 2,0 3,1 6.,0 | 6.,1 1,1 2,0 2,1 2,0 1,0 2,0 3,1 3,1 | 6.,1 1,1 5,0 3,1 2,0 2,0 6,0 3,1 2,1 | 6.,1 1,1 2,1 1,1 2,1 1,1 2,1 1,1 2,1 3,0 1,1 2,0 1,0 6,0
6.,1 1,1 5,0 5,1 3,0 2,0 2,0 3,1 6.,0 | 6.,1 1,1 2,0 2,1 2,0 1,0 2,0 3,1 3,1 | 6.,1 1,1 5,0 3,1 2,0 2,0 6,0 3,1 2,1 | 6.,1 1,1 2,1 1,1 2,1 1,1 2,1 1,1 2,1 3,0 1,1 2,0 5,0 6,0
EndFile
