4/4

权御天下 洛天依 没有壳的乌龟
激烈 V家古风
tag
a 0 
0,0 3,0 2,0 2,1 1,1 2,1 3,0 6.,0 | 5.,1 6.,1 1,0 5.,1 6.,1 1,0 | 1,1 1,1 6.,1 2,1 1,0 2,0 2,1 3,0 |
0,0 3,0 2,0 2,1 1,1 2,1 3,0 6.,0 | 5.,1 6.,1 1,0 5.,1 6.,1 1,0 | 1,1 1,1 6.,1 2,1 1,0 6.,0 5.,1 6.,0 |
b 0
0,0 1,0 7.,0 6.,0 6.,1 5.,0 5.,1 6.,0 | 6.,1 5.,0 6.,1 5.,0 6.,1 5.,0 6.,1 5.,0 | 6.,0 1,0 3,1 2,0 3,1 2,0 2,1 3,0.01 |
c 0
0,1 5,1 3,1 1,1 2,0 2,1 1,1 2,0 2,1 1,1 2,1 1,1 2,1 1,1 2,1 3,0 | 5,1 3,1 1,1 2,0 2,1 1,1 2,0 2,1 1,1 2,1 1,1 2,1 3,1 6.,1 |
0,1 5,1 3,1 1,1 2,0 2,1 1,1 2,0 2,1 1,1 2,1 1,1 2,1 1,1 2,1 3,0 | 5,1 3,1 1,1 2,0 2,1 1,1 2,0 2,1 1,1 2,1 1,1 2,1 3,1 6.,1 |
0,1 5,1 3,1 1,1 2,0 2,1 1,1 2,0 2,1 1,1 2,1 1,1 2,1 1,1 2,1 3,0 | 5,1 3,1 1,1 2,0 2,1 1,1 2,0 2,1 1,1 2,1 1,1 2,1 3,1 6,1 |
EndFile